16581375 16581375 16581375 16581375 16581375 16581375 16581375 16581375 16581375 16581375 16581375 16581375 16581375 16581375 16581375 16581375 16581375 16581375 16581375 16581375 
16581375 16581375 16581375 16581375 16581375 16581375 16581375 16581375 16581375 16581375 16581375 16581375 16581375 16581375 16581375 16581375 16581375 16581375 16581375 16581375 
16581375 16581375 16581375 6128487 262144 4019679 16581375 16581375 16581375 16581375 16581375 16581375 16581375 6128487 262144 4019679 16581375 16581375 16581375 16581375 
16581375 16581375 16581375 13824 0 512 16581375 16581375 16581375 16581375 16581375 16581375 16581375 13824 0 512 16581375 16581375 16581375 16581375 
16581375 16581375 16581375 512 0 0 2460375 16581375 16581375 16581375 16581375 16581375 3442951 0 0 0 16581375 16581375 16581375 16581375 
16581375 16581375 16581375 1404928 0 0 512 4019679 16581375 16581375 16581375 16581375 13824 0 0 681472 16581375 16581375 16581375 16581375 
16581375 16581375 16581375 15069223 512 0 0 512 4019679 16581375 16581375 16581375 0 0 0 15069223 16581375 16581375 16581375 16581375 
16581375 16581375 16581375 16581375 2460375 0 0 0 512 4019679 16581375 3442951 0 0 0 16581375 16581375 16581375 16581375 16581375 
16581375 16581375 16581375 16581375 16581375 2460375 0 0 0 512 2985984 512 0 0 681472 16581375 16581375 16581375 16581375 16581375 
16581375 16581375 16581375 16581375 16581375 16581375 2460375 0 0 0 27 0 0 110592 15069223 16581375 16581375 16581375 16581375 16581375 
16581375 16581375 16581375 16581375 16581375 16581375 16581375 2460375 0 0 0 0 0 5359375 16581375 16581375 16581375 16581375 16581375 16581375 
16581375 16581375 16581375 16581375 16581375 16581375 16581375 6128487 4913 0 0 0 8 4019679 16581375 16581375 16581375 16581375 16581375 16581375 
16581375 16581375 16581375 16581375 16581375 16581375 6128487 4096 0 0 0 0 0 512 4019679 16581375 16581375 16581375 16581375 16581375 
16581375 16581375 16581375 16581375 16581375 6128487 4096 0 0 0 103823 0 0 0 0 32768 4019679 16581375 16581375 16581375 
16581375 16581375 16581375 16581375 6128487 4096 0 0 0 1124864 16581375 2460375 0 0 0 0 512 16581375 16581375 16581375 
16581375 16581375 16581375 16581375 13824 0 0 0 1124864 16581375 16581375 16581375 2460375 0 0 0 0 16581375 16581375 16581375 
16581375 16581375 16581375 16581375 512 0 0 1124864 16581375 16581375 16581375 16581375 16581375 16581375 2460375 0 1124864 16581375 16581375 16581375 
16581375 16581375 16581375 16581375 2460375 0 1124864 16581375 16581375 16581375 16581375 16581375 16581375 16581375 16581375 16581375 16581375 16581375 16581375 16581375 
16581375 16581375 16581375 16581375 16581375 16581375 16581375 16581375 16581375 16581375 16581375 16581375 16581375 16581375 16581375 16581375 16581375 16581375 16581375 16581375 
16581375 16581375 16581375 16581375 16581375 16581375 16581375 16581375 16581375 16581375 16581375 16581375 16581375 16581375 16581375 16581375 16581375 16581375 16581375 16581375 
