100 100 100 100 100 100 100 100 100 100 100 100 100 100 100 100 100 100 100 100 
100 100 100 100 100 100 100 100 100 100 100 100 100 100 100 100 100 100 100 100 
100 100 100 71 18 7 0 0 0 12 59 100 100 100 100 100 100 100 100 100 
100 100 71 6 0 0 0 0 0 0 0 0 0 0 0 0 12 62 100 100 
100 100 9 0 0 0 0 0 0 0 0 0 0 0 0 0 0 3 100 100 
100 100 0 0 0 40 100 100 96 37 0 0 0 0 0 0 0 40 100 100 
100 100 0 0 0 100 100 100 100 100 100 100 100 100 100 100 100 100 100 100 
100 100 0 0 0 100 100 100 100 100 100 100 100 100 100 100 100 100 100 100 
100 59 0 0 0 100 100 100 100 100 100 100 100 100 100 100 100 100 100 100 
100 9 0 0 34 100 100 100 100 100 100 100 100 100 100 100 100 100 100 100 
100 0 0 0 96 100 100 100 100 100 100 100 100 100 100 100 100 100 100 100 
59 0 0 0 100 100 100 100 100 100 100 100 100 100 100 100 100 100 100 100 
9 0 0 34 100 100 100 100 100 100 100 100 100 100 100 100 100 100 100 100 
0 0 0 96 100 100 100 100 100 100 100 100 100 100 100 100 100 100 100 100 
0 0 0 100 100 100 100 100 100 100 100 100 100 100 100 100 100 100 100 100 
0 0 0 100 100 100 100 100 100 100 100 100 100 100 100 100 100 100 100 100 
0 0 40 100 100 100 100 100 100 100 100 100 100 100 100 100 100 100 100 100 
100 100 100 100 100 100 100 100 100 100 100 100 100 100 100 100 100 100 100 100 
100 100 100 100 100 100 100 100 100 100 100 100 100 100 100 100 100 100 100 100 
100 100 100 100 100 100 100 100 100 100 100 100 100 100 100 100 100 100 100 100 
